0: actual- (299, 299) 	 predicted- (298, 298) 	 error- [[9.96677741e-05 0.00000000e+00 0.00000000e+00 0.00000000e+00]
 [0.00000000e+00 9.96677741e-05 0.00000000e+00 0.00000000e+00]
 [0.00000000e+00 0.00000000e+00 3.00000000e-02 0.00000000e+00]
 [0.00000000e+00 0.00000000e+00 0.00000000e+00 3.00000000e-02]]
1: actual- (199, 199) 	 predicted- (198, 198) 	 error- [[9.96677741e-05 0.00000000e+00 0.00000000e+00 0.00000000e+00]
 [0.00000000e+00 9.96677741e-05 0.00000000e+00 0.00000000e+00]
 [0.00000000e+00 0.00000000e+00 3.00000000e-02 0.00000000e+00]
 [0.00000000e+00 0.00000000e+00 0.00000000e+00 3.00000000e-02]]
2: actual- (99, 99) 	 predicted- (98, 98) 	 error- [[9.96677741e-05 0.00000000e+00 0.00000000e+00 0.00000000e+00]
 [0.00000000e+00 9.96677741e-05 0.00000000e+00 0.00000000e+00]
 [0.00000000e+00 0.00000000e+00 3.00000000e-02 0.00000000e+00]
 [0.00000000e+00 0.00000000e+00 0.00000000e+00 3.00000000e-02]]
3: actual- (48, 197) 	 predicted- (47, 196) 	 error- [[9.96677741e-05 0.00000000e+00 0.00000000e+00 0.00000000e+00]
 [0.00000000e+00 9.96677741e-05 0.00000000e+00 0.00000000e+00]
 [0.00000000e+00 0.00000000e+00 3.00000000e-02 0.00000000e+00]
 [0.00000000e+00 0.00000000e+00 0.00000000e+00 3.00000000e-02]]
0: actual- (299, 299) 	 predicted- (298, 298) 	 error- [[9.96688705e-05 1.28154214e-25 0.00000000e+00 4.83660540e-22]
 [1.28154214e-25 9.96709634e-05 0.00000000e+00 7.89877605e-06]
 [0.00000000e+00 0.00000000e+00 6.00000000e-02 0.00000000e+00]
 [4.83660540e-22 7.89877605e-06 0.00000000e+00 5.98103838e-02]]
1: actual- (199, 199) 	 predicted- (198, 198) 	 error- [[9.96688705e-05 1.28148902e-25 0.00000000e+00 4.83650580e-22]
 [1.28148902e-25 9.96709634e-05 0.00000000e+00 7.89861339e-06]
 [0.00000000e+00 0.00000000e+00 6.00000000e-02 0.00000000e+00]
 [4.83650580e-22 7.89861339e-06 0.00000000e+00 5.98103917e-02]]
2: actual- (99, 99) 	 predicted- (98, 98) 	 error- [[9.96688705e-05 1.31350822e-25 0.00000000e+00 4.89616624e-22]
 [1.31350822e-25 9.96710157e-05 0.00000000e+00 7.99604627e-06]
 [0.00000000e+00 0.00000000e+00 6.00000000e-02 0.00000000e+00]
 [4.89616624e-22 7.99604627e-06 0.00000000e+00 5.98056541e-02]]
3: actual- (48, 197) 	 predicted- (47, 196) 	 error- [[9.96688705e-05 1.31358503e-25 0.00000000e+00 4.89630845e-22]
 [1.31358503e-25 9.96710158e-05 0.00000000e+00 7.99627853e-06]
 [0.00000000e+00 0.00000000e+00 6.00000000e-02 0.00000000e+00]
 [4.89630845e-22 7.99627853e-06 0.00000000e+00 5.98056427e-02]]
0: actual- (299, 299) 	 predicted- (298, 299) 	 error- [[ 9.96688971e-05  2.62617951e-25  1.26285924e-06  9.71273865e-22]
 [ 2.62617951e-25  9.96731335e-05  7.53367812e-23  1.58646531e-05]
 [ 1.26285924e-06  7.53367812e-23  8.99951833e-02 -7.40966479e-21]
 [ 9.71273865e-22  1.58646531e-05 -7.40966479e-21  8.90403837e-02]]
1: actual- (199, 199) 	 predicted- (198, 199) 	 error- [[ 9.96688823e-05  2.61739175e-25  8.40525992e-07  9.71369180e-22]
 [ 2.61739175e-25  9.96731336e-05  5.01421626e-23  1.58647909e-05]
 [ 8.40525992e-07  5.01421626e-23  8.99978664e-02 -4.93172138e-21]
 [ 9.71369180e-22  1.58647909e-05 -4.93172138e-21  8.90403780e-02]]
2: actual- (99, 99) 	 predicted- (98, 99) 	 error- [[ 9.96688735e-05  2.61217033e-25  4.23330401e-07  9.71386152e-22]
 [ 2.61217033e-25  9.96731336e-05  2.52540641e-23  1.58642259e-05]
 [ 4.23330401e-07  2.52540641e-23  8.99994588e-02 -2.48377000e-21]
 [ 9.71386152e-22  1.58642259e-05 -2.48377000e-21  8.90356952e-02]]
3: actual- (48, 197) 	 predicted- (47, 197) 	 error- [[ 9.96688824e-05  2.61732251e-25  8.42366886e-07  9.71311908e-22]
 [ 2.61732251e-25  9.96731334e-05  5.02520333e-23  1.58638605e-05]
 [ 8.42366886e-07  5.02520333e-23  8.99978570e-02 -4.94223282e-21]
 [ 9.71311908e-22  1.58638605e-05 -4.94223282e-21  8.90357198e-02]]
0: actual- (299, 299) 	 predicted- (298, 299) 	 error- [[ 9.96689141e-05 -2.89387738e-13  1.97963500e-06 -1.01927797e-09]
 [-2.89387738e-13  9.96758101e-05 -7.86191925e-11  2.45956609e-05]
 [ 1.97963500e-06 -7.86191925e-11  1.19983347e-01  1.21904466e-08]
 [-1.01927797e-09  2.45956609e-05  1.21904466e-08  1.17174359e-01]]
1: actual- (199, 199) 	 predicted- (198, 199) 	 error- [[ 9.96688898e-05 -1.27745504e-13  1.31755889e-06 -4.51546882e-10]
 [-1.27745504e-13  9.96758090e-05 -2.31789789e-11  2.45938795e-05]
 [ 1.31755889e-06 -2.31789789e-11  1.19992624e-01  3.59377661e-09]
 [-4.51546882e-10  2.45938795e-05  3.59377661e-09  1.17174629e-01]]
2: actual- (99, 99) 	 predicted- (98, 99) 	 error- [[ 9.96688753e-05 -3.12104422e-14  6.55738791e-07 -1.11864935e-10]
 [-3.12104422e-14  9.96756498e-05 -2.89327881e-12  2.43153494e-05]
 [ 6.55738791e-07 -2.89327881e-12  1.19998160e-01  4.43062379e-10]
 [-1.11864935e-10  2.43153494e-05  4.43062379e-10  1.17212862e-01]]
3: actual- (48, 197) 	 predicted- (47, 197) 	 error- [[ 9.96688895e-05 -3.01770798e-14  1.30493876e-06 -1.07925743e-10]
 [-3.01770798e-14  9.96756511e-05 -5.55487169e-12  2.43176000e-05]
 [ 1.30493876e-06 -5.55487169e-12  1.19992714e-01  8.50731103e-10]
 [-1.07925743e-10  2.43176000e-05  8.50731103e-10  1.17212542e-01]]
0: actual- (299, 299) 	 predicted- (298, 299) 	 error- [[ 9.96689211e-05 -3.47146582e-13  2.46346148e-06 -1.28278547e-09]
 [-3.47146582e-13  9.96771360e-05 -9.45496735e-11  3.07298959e-05]
 [ 2.46346148e-06 -9.45496735e-11  1.49965017e-01  3.09802800e-08]
 [-1.28278547e-09  3.07298959e-05  3.09802800e-08  1.44249515e-01]]
1: actual- (199, 199) 	 predicted- (198, 199) 	 error- [[ 9.96688930e-05 -1.53300053e-13  1.63992870e-06 -5.68360737e-10]
 [-1.53300053e-13  9.96771373e-05 -2.78773715e-11  3.07322732e-05]
 [ 1.63992870e-06 -2.78773715e-11  1.49984501e-01  9.13462245e-09]
 [-5.68360737e-10  3.07322732e-05  9.13462245e-09  1.44249322e-01]]
2: actual- (99, 99) 	 predicted- (98, 99) 	 error- [[ 9.96688764e-05 -3.92700474e-14  8.36475462e-07 -1.44117419e-10]
 [-3.92700474e-14  9.96773392e-05 -3.56043210e-12  3.11005974e-05]
 [ 8.36475462e-07 -3.56043210e-12  1.49996047e-01  1.15987241e-09]
 [-1.44117419e-10  3.11005974e-05  1.15987241e-09  1.44215141e-01]]
3: actual- (48, 197) 	 predicted- (47, 197) 	 error- [[ 9.96688936e-05 -3.79469166e-14  1.66406837e-06 -1.39004740e-10]
 [-3.79469166e-14  9.96773361e-05 -6.83426911e-12  3.10949604e-05]
 [ 1.66406837e-06 -6.83426911e-12  1.49984351e-01  2.22633257e-09]
 [-1.39004740e-10  3.10949604e-05  2.22633257e-09  1.44215937e-01]]
0: actual- (299, 299) 	 predicted- (298, 299) 	 error- [[ 9.96689383e-05 -4.76878210e-13  3.18661639e-06 -1.66033360e-09]
 [-4.76878210e-13  9.96802262e-05 -1.15455123e-10  3.97728189e-05]
 [ 3.18661639e-06 -1.15455123e-10  1.79934344e-01  6.18927218e-08]
 [-1.66033360e-09  3.97728189e-05  6.18927218e-08  1.69302652e-01]]
1: actual- (199, 199) 	 predicted- (198, 199) 	 error- [[ 9.96689005e-05 -2.10571355e-13  2.12131315e-06 -7.35577924e-10]
 [-2.10571355e-13  9.96802261e-05 -3.40349123e-11  3.97724673e-05]
 [ 2.12131315e-06 -3.40349123e-11  1.79970910e-01  1.82483306e-08]
 [-7.35577924e-10  3.97724673e-05  1.82483306e-08  1.69302549e-01]]
2: actual- (99, 99) 	 predicted- (98, 99) 	 error- [[ 9.96688782e-05 -5.26482877e-14  1.06829658e-06 -1.84271579e-10]
 [-5.26482877e-14  9.96802240e-05 -4.29150709e-12  3.97642800e-05]
 [ 1.06829658e-06 -4.29150709e-12  1.79992600e-01  2.30915950e-09]
 [-1.84271579e-10  3.97642800e-05  2.30915950e-09  1.69270436e-01]]
3: actual- (48, 197) 	 predicted- (47, 197) 	 error- [[ 9.96689007e-05 -5.09100717e-14  2.12598246e-06 -1.77800306e-10]
 [-5.09100717e-14  9.96802284e-05 -8.24105394e-12  3.97717455e-05]
 [ 2.12598246e-06 -8.24105394e-12  1.79970700e-01  4.43362725e-09]
 [-1.77800306e-10  3.97717455e-05  4.43362725e-09  1.69269308e-01]]
0: actual- (299, 299) 	 predicted- (298, 299) 	 error- [[ 9.96689395e-05 -5.08184899e-13  3.52272374e-06 -1.85504242e-09]
 [-5.08184899e-13  9.96809734e-05 -1.20218228e-10  4.44313326e-05]
 [ 3.52272374e-06 -1.20218228e-10  2.09896860e-01  9.91278024e-08]
 [-1.85504242e-09  4.44313326e-05  9.91278024e-08  1.93114632e-01]]
1: actual- (199, 199) 	 predicted- (198, 199) 	 error- [[ 9.96689011e-05 -2.24370406e-13  2.34501053e-06 -8.21708681e-10]
 [-2.24370406e-13  9.96809709e-05 -3.54302553e-11  4.44270085e-05]
 [ 2.34501053e-06 -3.54302553e-11  2.09954302e-01  2.92232910e-08]
 [-8.21708681e-10  4.44270085e-05  2.92232910e-08  1.93115780e-01]]
2: actual- (99, 99) 	 predicted- (98, 99) 	 error- [[ 9.96688783e-05 -5.61127271e-14  1.18110872e-06 -2.05865506e-10]
 [-5.61127271e-14  9.96809713e-05 -4.46763301e-12  4.44234228e-05]
 [ 1.18110872e-06 -4.46763301e-12  2.09988387e-01  3.69345014e-09]
 [-2.05865506e-10  4.44234228e-05  3.69345014e-09  1.93084659e-01]]
3: actual- (48, 197) 	 predicted- (47, 197) 	 error- [[ 9.96689012e-05 -5.42256978e-14  2.34964487e-06 -1.98586711e-10]
 [-5.42256978e-14  9.96809688e-05 -8.57760399e-12  4.44188640e-05]
 [ 2.34964487e-06 -8.57760399e-12  2.09954026e-01  7.09074073e-09]
 [-1.98586711e-10  4.44188640e-05  7.09074073e-09  1.93084849e-01]]
0: actual- (299, 299) 	 predicted- (298, 299) 	 error- [[ 9.96689527e-05 -6.31304123e-13  4.15095054e-06 -2.19836404e-09]
 [-6.31304123e-13  9.96839079e-05 -1.30757027e-10  5.26503715e-05]
 [ 4.15095054e-06 -1.30757027e-10  2.39844812e-01  1.49791004e-07]
 [-2.19836404e-09  5.26503715e-05  1.49791004e-07  2.14344840e-01]]
1: actual- (199, 199) 	 predicted- (198, 199) 	 error- [[ 9.96689061e-05 -2.72725866e-13  2.73203474e-06 -9.63661251e-10]
 [-2.72725866e-13  9.96835798e-05 -3.81835716e-11  5.20998569e-05]
 [ 2.73203474e-06 -3.81835716e-11  2.39931758e-01  4.38325971e-08]
 [-9.63661251e-10  5.20998569e-05  4.38325971e-08  2.14537331e-01]]
2: actual- (99, 99) 	 predicted- (98, 99) 	 error- [[ 9.96688796e-05 -6.81634056e-14  1.37560717e-06 -2.41348075e-10]
 [-6.81634056e-14  9.96835703e-05 -4.81305261e-12  5.20796330e-05]
 [ 1.37560717e-06 -4.81305261e-12  2.39982673e-01  5.53487073e-09]
 [-2.41348075e-10  5.20796330e-05  5.53487073e-09  2.14513126e-01]]
3: actual- (48, 197) 	 predicted- (47, 197) 	 error- [[ 9.96689062e-05 -6.58996858e-14  2.73712790e-06 -2.32876528e-10]
 [-6.58996858e-14  9.96835744e-05 -9.24383929e-12  5.20865706e-05]
 [ 2.73712790e-06 -9.24383929e-12  2.39931398e-01  1.06272119e-08]
 [-2.32876528e-10  5.20865706e-05  1.06272119e-08  2.14510920e-01]]
0: actual- (299, 299) 	 predicted- (298, 299) 	 error- [[ 9.96689502e-05 -6.51845300e-13  4.37093083e-06 -2.35221477e-09]
 [-6.51845300e-13  9.96843993e-05 -1.26310795e-10  5.63241036e-05]
 [ 4.37093083e-06 -1.26310795e-10  2.69787101e-01  2.04926057e-07]
 [-2.35221477e-09  5.63241036e-05  2.04926057e-07  2.34292884e-01]]
1: actual- (199, 199) 	 predicted- (198, 199) 	 error- [[ 9.96689069e-05 -2.95597669e-13  2.95277358e-06 -1.05548320e-09]
 [-2.95597669e-13  9.96848143e-05 -3.77326009e-11  5.70599254e-05]
 [ 2.95277358e-06 -3.77326009e-11  2.69905425e-01  6.05538733e-08]
 [-1.05548320e-09  5.70599254e-05  6.05538733e-08  2.34207435e-01]]
2: actual- (99, 99) 	 predicted- (98, 99) 	 error- [[ 9.96688797e-05 -7.37341956e-14  1.48525804e-06 -2.64083493e-10]
 [-7.37341956e-14  9.96847719e-05 -4.75220321e-12  5.69845460e-05]
 [ 1.48525804e-06 -4.75220321e-12  2.69976010e-01  7.63828733e-09]
 [-2.64083493e-10  5.69845460e-05  7.63828733e-09  2.34211892e-01]]
3: actual- (48, 197) 	 predicted- (47, 197) 	 error- [[ 9.96689061e-05 -6.96391209e-14  2.91919238e-06 -2.52020185e-10]
 [-6.96391209e-14  9.96844097e-05 -9.04250533e-12  5.63638219e-05]
 [ 2.91919238e-06 -9.04250533e-12  2.69905660e-01  1.45738582e-08]
 [-2.52020185e-10  5.63638219e-05  1.45738582e-08  2.34444451e-01]]
0: actual- (299, 299) 	 predicted- (298, 299) 	 error- [[ 9.96689481e-05 -6.77116874e-13  4.57278087e-06 -2.50471807e-09]
 [-6.77116874e-13  9.96850032e-05 -1.20247098e-10  5.99633962e-05]
 [ 4.57278087e-06 -1.20247098e-10  2.99723938e-01  2.64194339e-07]
 [-2.50471807e-09  5.99633962e-05  2.64194339e-07  2.52878137e-01]]
1: actual- (199, 199) 	 predicted- (198, 199) 	 error- [[ 9.96689049e-05 -2.99159468e-13  3.04525042e-06 -1.10923082e-09]
 [-2.99159468e-13  9.96850073e-05 -3.53778643e-11  5.99596654e-05]
 [ 3.04525042e-06 -3.53778643e-11  2.99877416e-01  7.80140602e-08]
 [-1.10923082e-09  5.99596654e-05  7.80140602e-08  2.52793960e-01]]
2: actual- (99, 99) 	 predicted- (98, 99) 	 error- [[ 9.96688793e-05 -7.48025281e-14  1.53385432e-06 -2.77841516e-10]
 [-7.48025281e-14  9.96850025e-05 -4.46118150e-12  5.99518020e-05]
 [ 1.53385432e-06 -4.46118150e-12  2.99968905e-01  9.84035779e-09]
 [-2.77841516e-10  5.99518020e-05  9.84035779e-09  2.52801584e-01]]
3: actual- (48, 197) 	 predicted- (47, 197) 	 error- [[ 9.96689060e-05 -7.40641288e-14  3.09232523e-06 -2.71316617e-10]
 [-7.40641288e-14  9.96853980e-05 -8.68459282e-12  6.06741863e-05]
 [ 3.09232523e-06 -8.68459282e-12  2.99876779e-01  1.89161995e-08]
 [-2.71316617e-10  6.06741863e-05  1.89161995e-08  2.52742821e-01]]
0: actual- (299, 299) 	 predicted- (298, 299) 	 error- [[ 9.96689524e-05 -7.62480697e-13  4.95240768e-06 -2.75304012e-09]
 [-7.62480697e-13  9.96870392e-05 -1.15709772e-10  6.58966676e-05]
 [ 4.95240768e-06 -1.15709772e-10  3.29649851e-01  3.32144757e-07]
 [-2.75304012e-09  6.58966676e-05  3.32144757e-07  2.69003008e-01]]
1: actual- (199, 199) 	 predicted- (198, 199) 	 error- [[ 9.96689067e-05 -3.35579303e-13  3.29138406e-06 -1.21685297e-09]
 [-3.35579303e-13  9.96869727e-05 -3.39808362e-11  6.57719979e-05]
 [ 3.29138406e-06 -3.39808362e-11  3.29844696e-01  9.79515971e-08]
 [-1.21685297e-09  6.57719979e-05  9.79515971e-08  2.68974219e-01]]
2: actual- (99, 99) 	 predicted- (98, 99) 	 error- [[ 9.96688797e-05 -8.42038155e-14  1.66096522e-06 -3.05280897e-10]
 [-8.42038155e-14  9.96870302e-05 -4.29000732e-12  6.58712818e-05]
 [ 1.66096522e-06 -4.29000732e-12  3.29960573e-01  1.23635325e-08]
 [-3.05280897e-10  6.58712818e-05  1.23635325e-08  2.68937543e-01]]
3: actual- (48, 197) 	 predicted- (47, 197) 	 error- [[ 9.96689061e-05 -7.95166936e-14  3.26389080e-06 -2.91359455e-10]
 [-7.95166936e-14  9.96866156e-05 -8.16602408e-12  6.51505022e-05]
 [ 3.26389080e-06 -8.16602408e-12  3.29844604e-01  2.36490139e-08]
 [-2.91359455e-10  6.51505022e-05  2.36490139e-08  2.69198471e-01]]
0: actual- (299, 299) 	 predicted- (298, 299) 	 error- [[ 9.96689529e-05 -8.26514143e-13  5.20977128e-06 -2.94983932e-09]
 [-8.26514143e-13  9.96885673e-05 -1.05044560e-10  7.05926092e-05]
 [ 5.20977128e-06 -1.05044560e-10  3.59567863e-01  4.05325942e-07]
 [-2.94983932e-09  7.05926092e-05  4.05325942e-07  2.83001743e-01]]
1: actual- (199, 199) 	 predicted- (198, 199) 	 error- [[ 9.96689070e-05 -3.65018504e-13  3.46924847e-06 -1.30591673e-09]
 [-3.65018504e-13  9.96885618e-05 -3.09013717e-11  7.05795501e-05]
 [ 3.46924847e-06 -3.09013717e-11  3.59808345e-01  1.19505002e-07]
 [-1.30591673e-09  7.05795501e-05  1.19505002e-07  2.82979158e-01]]
2: actual- (99, 99) 	 predicted- (98, 99) 	 error- [[ 9.96688798e-05 -9.13109173e-14  1.74776599e-06 -3.27097795e-10]
 [-9.13109173e-14  9.96885632e-05 -3.89285287e-12  7.05771296e-05]
 [ 1.74776599e-06 -3.89285287e-12  3.59951348e-01  1.50814798e-08]
 [-3.27097795e-10  7.05771296e-05  1.50814798e-08  2.82943506e-01]]
3: actual- (48, 197) 	 predicted- (47, 197) 	 error- [[ 9.96689081e-05 -9.02766254e-14  3.52142880e-06 -3.19198270e-10]
 [-9.02766254e-14  9.96890179e-05 -7.57500054e-12  7.13697367e-05]
 [ 3.52142880e-06 -7.57500054e-12  3.59807150e-01  2.90027474e-08]
 [-3.19198270e-10  7.13697367e-05  2.90027474e-08  2.82819265e-01]]
0: actual- (305, 284) 	 predicted- (304, 284) 	 error- [[ 9.96689519e-05 -8.86063058e-13  5.40781589e-06 -3.12642361e-09]
 [-8.86063058e-13  9.96899887e-05 -9.05079495e-11  7.48017684e-05]
 [ 5.40781589e-06 -9.05079495e-11  3.89479524e-01  4.81728298e-07]
 [-3.12642361e-09  7.48017684e-05  4.81728298e-07  2.94953034e-01]]
1: actual- (199, 199) 	 predicted- (198, 199) 	 error- [[ 9.96689066e-05 -3.91564061e-13  3.60251833e-06 -1.38430848e-09]
 [-3.91564061e-13  9.96899948e-05 -2.66172547e-11  7.48089326e-05]
 [ 3.60251833e-06 -2.66172547e-11  3.89769147e-01  1.42018472e-07]
 [-1.38430848e-09  7.48089326e-05  1.42018472e-07  2.94926633e-01]]
2: actual- (99, 99) 	 predicted- (98, 99) 	 error- [[ 9.96688797e-05 -9.78998276e-14  1.81442455e-06 -3.46618399e-10]
 [-9.78998276e-14  9.96899845e-05 -3.35127200e-12  7.47871719e-05]
 [ 1.81442455e-06 -3.35127200e-12  3.89941406e-01  1.79186921e-08]
 [-3.46618399e-10  7.47871719e-05  1.79186921e-08  2.94902083e-01]]
3: actual- (48, 197) 	 predicted- (47, 197) 	 error- [[ 9.96689067e-05 -9.45892129e-14  3.60849130e-06 -3.34421231e-10]
 [-9.45892129e-14  9.96899814e-05 -6.42806125e-12  7.47655846e-05]
 [ 3.60849130e-06 -6.42806125e-12  3.89767822e-01  3.44463483e-08]
 [-3.34421231e-10  7.47655846e-05  3.44463483e-08  2.94788438e-01]]
0: actual- (315, 247) 	 predicted- (315, 247) 	 error- [[ 9.99414714e-05 -8.81825627e-08 -9.64336800e-05  1.55806334e-05]
 [-8.81825627e-08  9.97118402e-05  2.92732097e-05  5.87690933e-05]
 [-9.64336800e-05  2.92732097e-05  6.43695021e-02 -1.40014904e-02]
 [ 1.55806334e-05  5.87690933e-05 -1.40014904e-02  3.12784105e-01]]
1: actual- (199, 199) 	 predicted- (198, 199) 	 error- [[ 9.96689024e-05 -3.80487454e-13  3.52454542e-06 -1.39463157e-09]
 [-3.80487454e-13  9.96893979e-05 -2.09046833e-11  7.53575097e-05]
 [ 3.52454542e-06 -2.09046833e-11  4.19731628e-01  1.62918890e-07]
 [-1.39463157e-09  7.53575097e-05  1.62918890e-07  3.06643581e-01]]
2: actual- (99, 99) 	 predicted- (98, 99) 	 error- [[ 9.96688784e-05 -9.30309219e-14  1.75424485e-06 -3.45551830e-10]
 [-9.30309219e-14  9.96889346e-05 -2.61575067e-12  7.45546313e-05]
 [ 1.75424485e-06 -2.61575067e-12  4.19932112e-01  2.04944451e-08]
 [-3.45551830e-10  7.45546313e-05  2.04944451e-08  3.07033197e-01]]
3: actual- (48, 197) 	 predicted- (47, 197) 	 error- [[ 9.96689018e-05 -8.98801812e-14  3.48854682e-06 -3.33428227e-10]
 [-8.98801812e-14  9.96889310e-05 -5.01800943e-12  7.45340013e-05]
 [ 3.48854682e-06 -5.01800943e-12  4.19731066e-01  3.93886974e-08]
 [-3.33428227e-10  7.45340013e-05  3.93886974e-08  3.06929646e-01]]
0: actual- (324, 216) 	 predicted- (323, 216) 	 error- [[ 9.98187278e-05  1.55120982e-07 -2.44091214e-05  1.12133534e-05]
 [ 1.55120982e-07  9.98295011e-05 -2.54078163e-05  7.39903702e-06]
 [-2.44091214e-05 -2.54078163e-05  3.43167428e-02  8.34672938e-03]
 [ 1.12133534e-05  7.39903702e-06  8.34672938e-03  3.34440900e-01]]
1: actual- (199, 199) 	 predicted- (198, 199) 	 error- [[ 9.96689022e-05 -4.12815568e-13  3.64699110e-06 -1.47724859e-09]
 [-4.12815568e-13  9.96911427e-05 -1.60698041e-11  7.98137924e-05]
 [ 3.64699110e-06 -1.60698041e-11  4.49691457e-01  1.84518303e-07]
 [-1.47724859e-09  7.98137924e-05  1.84518303e-07  3.16018388e-01]]
2: actual- (99, 99) 	 predicted- (98, 99) 	 error- [[ 9.96688786e-05 -1.03384249e-13  1.84003944e-06 -3.70363365e-10]
 [-1.03384249e-13  9.96911677e-05 -2.04676702e-12  7.99059719e-05]
 [ 1.84003944e-06 -2.04676702e-12  4.49921887e-01  2.32307689e-08]
 [-3.70363365e-10  7.99059719e-05  2.32307689e-08  3.16358664e-01]]
3: actual- (48, 197) 	 predicted- (47, 197) 	 error- [[ 9.96689024e-05 -9.98306549e-14  3.65800579e-06 -3.57320371e-10]
 [-9.98306549e-14  9.96911525e-05 -3.92683482e-12  7.98673536e-05]
 [ 3.65800579e-06 -3.92683482e-12  4.49690652e-01  4.46371060e-08]
 [-3.57320371e-10  7.98673536e-05  4.46371060e-08  3.16276104e-01]]
0: actual- (336, 189) 	 predicted- (336, 189) 	 error- [[ 9.98002705e-05 -1.45720259e-07  2.23441894e-05  1.93189222e-05]
 [-1.45720259e-07  9.98311001e-05 -2.52756246e-05 -7.26639762e-06]
 [ 2.23441894e-05 -2.52756246e-05  3.41949866e-02 -8.00583530e-03]
 [ 1.93189222e-05 -7.26639762e-06 -8.00583530e-03  3.55281236e-01]]
1: actual- (199, 199) 	 predicted- (198, 199) 	 error- [[ 9.96688980e-05 -3.96771656e-13  3.51481158e-06 -1.47247944e-09]
 [-3.96771656e-13  9.96902775e-05 -1.02541515e-11  7.95464455e-05]
 [ 3.51481158e-06 -1.02541515e-11  4.79654146e-01  2.03864744e-07]
 [-1.47247944e-09  7.95464455e-05  2.03864744e-07  3.25588369e-01]]
2: actual- (99, 99) 	 predicted- (98, 99) 	 error- [[ 9.96688777e-05 -1.01635241e-13  1.79496766e-06 -3.72991729e-10]
 [-1.01635241e-13  9.96907906e-05 -1.30949612e-12  8.04706477e-05]
 [ 1.79496766e-06 -1.30949612e-12  4.79912157e-01  2.57368794e-08]
 [-3.72991729e-10  8.04706477e-05  2.57368794e-08  3.25416468e-01]]
3: actual- (48, 197) 	 predicted- (47, 197) 	 error- [[ 9.96688989e-05 -9.82009018e-14  3.56952476e-06 -3.60004690e-10]
 [-9.82009018e-14  9.96907892e-05 -2.51434666e-12  8.04578677e-05]
 [ 3.56952476e-06 -2.51434666e-12  4.79652170e-01  4.94479495e-08]
 [-3.60004690e-10  8.04578677e-05  4.94479495e-08  3.25340649e-01]]
0: actual- (370, 167) 	 predicted- (369, 167) 	 error- [[ 9.97079425e-05  6.60256764e-08  7.84139595e-06 -8.48434691e-05]
 [ 6.60256764e-08  9.99382705e-05  3.52812233e-05  6.94811324e-06]
 [ 7.84139595e-06  3.52812233e-05  3.46488987e-02  3.95657858e-03]
 [-8.48434691e-05  6.94811324e-06  3.95657858e-03  3.57436882e-01]]
1: actual- (199, 199) 	 predicted- (198, 199) 	 error- [[ 9.96689008e-05 -4.75443916e-13  3.80771050e-06 -1.62498505e-09]
 [-4.75443916e-13  9.96945228e-05 -4.66156556e-12  8.77783720e-05]
 [ 3.80771050e-06 -4.66156556e-12  5.09610356e-01  2.25463042e-07]
 [-1.62498505e-09  8.77783720e-05  2.25463042e-07  3.30365398e-01]]
2: actual- (99, 99) 	 predicted- (98, 99) 	 error- [[ 9.96688780e-05 -1.16432832e-13  1.89651204e-06 -4.02812137e-10]
 [-1.16432832e-13  9.96939822e-05 -5.84675952e-13  8.69023273e-05]
 [ 1.89651204e-06 -5.84675952e-13  5.09901294e-01  2.83994116e-08]
 [-4.02812137e-10  8.69023273e-05  2.83994116e-08  3.30738120e-01]]
3: actual- (48, 197) 	 predicted- (47, 197) 	 error- [[ 9.96689002e-05 -1.12481274e-13  3.77103312e-06 -3.88793546e-10]
 [-1.12481274e-13  9.96939773e-05 -1.12357049e-12  8.68844362e-05]
 [ 3.77103312e-06 -1.12357049e-12  5.09609220e-01  5.45588013e-08]
 [-3.88793546e-10  8.68844362e-05  5.45588013e-08  3.30672857e-01]]
0: actual- (407, 165) 	 predicted- (406, 165) 	 error- [[ 9.99053281e-05  1.36672920e-07  1.86826342e-05  2.21222809e-05]
 [ 1.36672920e-07  9.97556700e-05  1.02392213e-05 -3.93904976e-05]
 [ 1.86826342e-05  1.02392213e-05  3.15162333e-02  5.48931310e-03]
 [ 2.21222809e-05 -3.93904976e-05  5.48931310e-03  3.81085983e-01]]
1: actual- (199, 199) 	 predicted- (198, 199) 	 error- [[ 9.96688932e-05 -4.04240527e-13  3.39546579e-06 -1.51899685e-09]
 [-4.04240527e-13  9.96906811e-05  1.36246944e-12  8.20417727e-05]
 [ 3.39546579e-06  1.36246944e-12  5.39575536e-01  2.41778333e-07]
 [-1.51899685e-09  8.20417727e-05  2.41778333e-07  3.38605159e-01]]
2: actual- (99, 99) 	 predicted- (98, 99) 	 error- [[ 9.96688766e-05 -1.05978501e-13  1.75594830e-06 -3.88869959e-10]
 [-1.05978501e-13  9.96917275e-05  1.87992713e-13  8.38917631e-05]
 [ 1.75594830e-06  1.87992713e-13  5.39891982e-01  3.05633717e-08]
 [-3.88869959e-10  8.38917631e-05  3.05633717e-08  3.37908231e-01]]
3: actual- (48, 197) 	 predicted- (47, 197) 	 error- [[ 9.96688945e-05 -1.02382330e-13  3.49148864e-06 -3.75380559e-10]
 [-1.02382330e-13  9.96917233e-05  3.59012685e-13  8.38763494e-05]
 [ 3.49148864e-06  3.59012685e-13  5.39572402e-01  5.87132301e-08]
 [-3.75380559e-10  8.38763494e-05  5.87132301e-08  3.37851666e-01]]
0: actual- (445, 192) 	 predicted- (444, 192) 	 error- [[ 9.97848398e-05  1.48845621e-07  1.46026720e-05 -2.27302216e-05]
 [ 1.48845621e-07  9.98650884e-05  2.00053406e-05  1.48292645e-05]
 [ 1.46026720e-05  2.00053406e-05  3.21469210e-02  7.87584237e-03]
 [-2.27302216e-05  1.48292645e-05  7.87584237e-03  4.08659595e-01]]
1: actual- (199, 199) 	 predicted- (198, 199) 	 error- [[ 9.96688936e-05 -4.52609416e-13  3.52457503e-06 -1.62049405e-09]
 [-4.52609416e-13  9.96932911e-05  6.80878523e-12  8.75161878e-05]
 [ 3.52457503e-06  6.80878523e-12  5.69538018e-01  2.58460171e-07]
 [-1.62049405e-09  8.75161878e-05  2.58460171e-07  3.43633330e-01]]
2: actual- (99, 99) 	 predicted- (98, 99) 	 error- [[ 9.96688762e-05 -1.10532840e-13  1.75151170e-06 -4.00789621e-10]
 [-1.10532840e-13  9.96927098e-05  8.70539398e-13  8.64610887e-05]
 [ 1.75151170e-06  8.70539398e-13  5.69882718e-01  3.26029549e-08]
 [-4.00789621e-10  8.64610887e-05  3.26029549e-08  3.43581002e-01]]
3: actual- (48, 197) 	 predicted- (47, 197) 	 error- [[ 9.96688925e-05 -1.04413291e-13  3.44082679e-06 -3.82935891e-10]
 [-1.04413291e-13  9.96921767e-05  1.62514010e-12  8.55559165e-05]
 [ 3.44082679e-06  1.62514010e-12  5.69536646e-01  6.25425388e-08]
 [-3.82935891e-10  8.55559165e-05  6.25425388e-08  3.44072391e-01]]
0: actual- (448, 224) 	 predicted- (448, 223) 	 error- [[ 9.99576709e-05  8.14015441e-08 -2.24865233e-05 -2.73972958e-05]
 [ 8.14015440e-08  9.97130564e-05 -5.78919650e-06  8.23079876e-05]
 [-2.24865233e-05 -5.78919650e-06  3.17650273e-02  4.45926467e-03]
 [-2.73972958e-05  8.23079876e-05  4.45926467e-03  4.14198335e-01]]
1: actual- (199, 199) 	 predicted- (198, 199) 	 error- [[ 9.96688904e-05 -4.38889936e-13  3.36447732e-06 -1.60965442e-09]
 [-4.38889936e-13  9.96925508e-05  1.19458509e-11  8.69218049e-05]
 [ 3.36447732e-06  1.19458509e-11  5.99503830e-01  2.72699732e-07]
 [-1.60965442e-09  8.69218049e-05  2.72699732e-07  3.49058860e-01]]
2: actual- (99, 99) 	 predicted- (98, 99) 	 error- [[ 9.96688756e-05 -1.09773499e-13  1.69518280e-06 -4.02866751e-10]
 [-1.09773499e-13  9.96925460e-05  1.51283358e-12  8.69069861e-05]
 [ 1.69518280e-06  1.51283358e-12  5.99874039e-01  3.43966469e-08]
 [-4.02866751e-10  8.69069861e-05  3.43966469e-08  3.49015298e-01]]
3: actual- (48, 197) 	 predicted- (47, 197) 	 error- [[ 9.96688906e-05 -1.06201303e-13  3.37631264e-06 -3.89524907e-10]
 [-1.06201303e-13  9.96925758e-05  2.85886840e-12  8.70196718e-05]
 [ 3.37631264e-06  2.85886840e-12  5.99502218e-01  6.60118144e-08]
 [-3.89524907e-10  8.70196718e-05  6.60118144e-08  3.49440550e-01]]
0: actual- (432, 246) 	 predicted- (432, 245) 	 error- [[ 9.99182357e-05  4.19264241e-08  4.21988866e-05  1.51528687e-05]
 [ 4.19264241e-08  9.97029760e-05  6.21812287e-06 -9.88937100e-05]
 [ 4.21988866e-05  6.21812287e-06  3.71696181e-02  5.85172079e-03]
 [ 1.51528687e-05 -9.88937100e-05  5.85172079e-03  4.11253033e-01]]
1: actual- (199, 199) 	 predicted- (198, 199) 	 error- [[ 9.96688899e-05 -4.75761841e-13  3.40775042e-06 -1.68375188e-09]
 [-4.75761841e-13  9.96945403e-05  1.76646103e-11  9.09155367e-05]
 [ 3.40775042e-06  1.76646103e-11  6.29468758e-01  2.86228490e-07]
 [-1.68375188e-09  9.09155367e-05  2.86228490e-07  3.51999203e-01]]
2: actual- (99, 99) 	 predicted- (98, 99) 	 error- [[ 9.96688755e-05 -1.19006511e-13  1.71710897e-06 -4.21409131e-10]
 [-1.19006511e-13  9.96945373e-05  2.23368366e-12  9.09050596e-05]
 [ 1.71710897e-06  2.23368366e-12  6.29865135e-01  3.61008608e-08]
 [-4.21409131e-10  9.09050596e-05  3.61008608e-08  3.51962139e-01]]
3: actual- (48, 197) 	 predicted- (47, 197) 	 error- [[ 9.96688905e-05 -1.17641102e-13  3.46022204e-06 -4.11467976e-10]
 [-1.17641102e-13  9.96951294e-05  4.32084640e-12  9.19143462e-05]
 [ 3.46022204e-06  4.32084640e-12  6.29466057e-01  6.93797830e-08]
 [-4.11467976e-10  9.19143462e-05  6.93797830e-08  3.51729623e-01]]
0: actual- (424, 247) 	 predicted- (424, 247) 	 error- [[ 9.99207957e-05 -1.20964433e-07  2.32209906e-05 -2.16664237e-05]
 [-1.20964433e-07  9.97408589e-05 -1.03170612e-05 -6.33465076e-05]
 [ 2.32209906e-05 -1.03170612e-05  3.21902806e-02 -6.41450666e-03]
 [-2.16664237e-05 -6.33465076e-05 -6.41450666e-03  4.23021390e-01]]
1: actual- (199, 199) 	 predicted- (198, 199) 	 error- [[ 9.96688871e-05 -4.58981598e-13  3.22373271e-06 -1.66335345e-09]
 [-4.58981598e-13  9.96936348e-05  2.22186320e-11  8.98057284e-05]
 [ 3.22373271e-06  2.22186320e-11  6.59437372e-01  2.97219886e-07]
 [-1.66335345e-09  8.98057284e-05  2.97219886e-07  3.55674188e-01]]
2: actual- (99, 99) 	 predicted- (98, 99) 	 error- [[ 9.96688747e-05 -1.14835661e-13  1.62460140e-06 -4.16323790e-10]
 [-1.14835661e-13  9.96936378e-05  2.80776754e-12  8.98059409e-05]
 [ 1.62460140e-06  2.80776754e-12  6.59857164e-01  3.74855717e-08]
 [-4.16323790e-10  8.98059409e-05  3.74855717e-08  3.55636744e-01]]
3: actual- (48, 197) 	 predicted- (47, 197) 	 error- [[ 9.96688871e-05 -1.10855265e-13  3.22871393e-06 -4.01762726e-10]
 [-1.10855265e-13  9.96936146e-05  5.39919356e-12  8.97376630e-05]
 [ 3.22871393e-06  5.39919356e-12  6.59434573e-01  7.20326368e-08]
 [-4.01762726e-10  8.97376630e-05  7.20326368e-08  3.55446230e-01]]
0: actual- (401, 249) 	 predicted- (401, 248) 	 error- [[ 9.98214048e-05  1.53455759e-07  1.88634480e-05 -1.01851586e-05]
 [ 1.53455759e-07  9.98232611e-05  1.89993567e-05 -9.36901491e-06]
 [ 1.88634480e-05  1.89993567e-05  3.25806600e-02  8.87520084e-03]
 [-1.01851586e-05 -9.36901491e-06  8.87520084e-03  4.45124961e-01]]
1: actual- (199, 199) 	 predicted- (198, 199) 	 error- [[ 9.96688857e-05 -4.74900742e-13  3.16621071e-06 -1.69850700e-09]
 [-4.74900742e-13  9.96944935e-05  2.70292375e-11  9.16964108e-05]
 [ 3.16621071e-06  2.70292375e-11  6.89407095e-01  3.06711800e-07]
 [-1.69850700e-09  9.16964108e-05  3.06711800e-07  3.58151915e-01]]
2: actual- (99, 99) 	 predicted- (98, 99) 	 error- [[ 9.96688744e-05 -1.18466150e-13  1.59304305e-06 -4.24519952e-10]
 [-1.18466150e-13  9.96944207e-05  3.40775378e-12  9.15720971e-05]
 [ 1.59304305e-06  3.40775378e-12  6.89849500e-01  3.86775344e-08]
 [-4.24519952e-10  9.15720971e-05  3.86775344e-08  3.58195587e-01]]
3: actual- (48, 197) 	 predicted- (47, 197) 	 error- [[ 9.96688858e-05 -1.14462789e-13  3.16751613e-06 -4.09890851e-10]
 [-1.14462789e-13  9.96944197e-05  6.55216791e-12  9.15458274e-05]
 [ 3.16751613e-06  6.55216791e-12  6.89404272e-01  7.43188821e-08]
 [-4.09890851e-10  9.15458274e-05  7.43188821e-08  3.58020910e-01]]
0: actual- (401, 249) 	 predicted- (401, 249) 	 error- [[ 9.98719908e-05 -1.42754981e-07  2.31143014e-05 -9.72247084e-06]
 [-1.42754981e-07  9.97748351e-05 -1.53427215e-05 -4.23087511e-05]
 [ 2.31143014e-05 -1.53427215e-05  3.27750141e-02 -8.98378225e-03]
 [-9.72247084e-06 -4.23087511e-05 -8.98378225e-03  4.59376729e-01]]
1: actual- (199, 199) 	 predicted- (198, 199) 	 error- [[ 9.96688843e-05 -4.86038766e-13  3.08187996e-06 -1.72271174e-09]
 [-4.86038766e-13  9.96950943e-05  3.15708974e-11  9.29961016e-05]
 [ 3.08187996e-06  3.15708974e-11  7.19378411e-01  3.14496706e-07]
 [-1.72271174e-09  9.29961016e-05  3.14496706e-07  3.59788146e-01]]
2: actual- (99, 99) 	 predicted- (98, 99) 	 error- [[ 9.96688741e-05 -1.22406879e-13  1.55886039e-06 -4.32477733e-10]
 [-1.22406879e-13  9.96952706e-05  3.99988831e-12  9.32868801e-05]
 [ 1.55886039e-06  3.99988831e-12  7.19842161e-01  3.96654589e-08]
 [-4.32477733e-10  9.32868801e-05  3.96654589e-08  3.59637654e-01]]
3: actual- (48, 197) 	 predicted- (47, 197) 	 error- [[ 9.96688844e-05 -1.17960234e-13  3.09505478e-06 -4.17106446e-10]
 [-1.17960234e-13  9.96952001e-05  7.67633772e-12  9.31503496e-05]
 [ 3.09505478e-06  7.67633772e-12  7.19375342e-01  7.62087192e-08]
 [-4.17106446e-10  9.31503496e-05  7.62087192e-08  3.59553091e-01]]
0: actual- (401, 249) 	 predicted- (400, 248) 	 error- [[ 9.97010032e-05 -3.18026025e-08  2.81943784e-06  1.07624920e-04]
 [-3.18026025e-08  9.99662850e-05 -2.97490628e-05  1.83007544e-05]
 [ 2.81943784e-06 -2.97490628e-05  3.29802273e-02 -3.20938051e-03]
 [ 1.07624920e-04  1.83007544e-05 -3.20938051e-03  4.49088335e-01]]
1: actual- (199, 199) 	 predicted- (198, 199) 	 error- [[ 9.96688819e-05 -4.58040761e-13  2.86102625e-06 -1.68044091e-09]
 [-4.58040761e-13  9.96935834e-05  3.41826544e-11  9.07072184e-05]
 [ 2.86102625e-06  3.41826544e-11  7.49353690e-01  3.20069193e-07]
 [-1.68044091e-09  9.07072184e-05  3.20069193e-07  3.62936471e-01]]
2: actual- (99, 99) 	 predicted- (98, 99) 	 error- [[ 9.96688734e-05 -1.14054988e-13  1.43785412e-06 -4.19544674e-10]
 [-1.14054988e-13  9.96934692e-05  4.30707449e-12  9.04953808e-05]
 [ 1.43785412e-06  4.30707449e-12  7.49835918e-01  4.03619115e-08]
 [-4.19544674e-10  9.04953808e-05  4.03619115e-08  3.62921205e-01]]
3: actual- (48, 197) 	 predicted- (47, 197) 	 error- [[ 9.96688820e-05 -1.10777589e-13  2.86723660e-06 -4.06165387e-10]
 [-1.10777589e-13  9.96935966e-05  8.29845304e-12  9.06998666e-05]
 [ 2.86723660e-06  8.29845304e-12  7.49350513e-01  7.75532999e-08]
 [-4.06165387e-10  9.06998666e-05  7.75532999e-08  3.62704610e-01]]
0: actual- (401, 249) 	 predicted- (400, 249) 	 error- [[ 9.97021497e-05  2.10579521e-08 -1.93086124e-06  1.13246050e-04]
 [ 2.10579521e-08  9.99664184e-05 -3.07792431e-05 -4.08114525e-06]
 [-1.93086124e-06 -3.07792431e-05  3.31858560e-02  1.30611185e-03]
 [ 1.13246050e-04 -4.08114525e-06  1.30611185e-03  4.35550791e-01]]
1: actual- (199, 199) 	 predicted- (198, 199) 	 error- [[ 9.96688812e-05 -4.82494217e-13  2.82408114e-06 -1.72861039e-09]
 [-4.82494217e-13  9.96949024e-05  3.81741649e-11  9.33014918e-05]
 [ 2.82408114e-06  3.81741649e-11  7.79329604e-01  3.24396804e-07]
 [-1.72861039e-09  9.33014918e-05  3.24396804e-07  3.64404061e-01]]
2: actual- (99, 99) 	 predicted- (98, 99) 	 error- [[ 9.96688732e-05 -1.20737910e-13  1.42332819e-06 -4.32612797e-10]
 [-1.20737910e-13  9.96949105e-05  4.81844154e-12  9.33126920e-05]
 [ 1.42332819e-06  4.81844154e-12  7.79829799e-01  4.09064674e-08]
 [-4.32612797e-10  9.33126920e-05  4.09064674e-08  3.64381194e-01]]
3: actual- (48, 197) 	 predicted- (47, 197) 	 error- [[ 9.96688809e-05 -1.13689230e-13  2.79037471e-06 -4.12853805e-10]
 [-1.13689230e-13  9.96942462e-05  9.12756570e-12  9.21874855e-05]
 [ 2.79037471e-06  9.12756570e-12  7.79326999e-01  7.85692865e-08]
 [-4.12853805e-10  9.21874855e-05  7.85692865e-08  3.64909266e-01]]
0: actual- (401, 249) 	 predicted- (400, 248) 	 error- [[ 9.96981111e-05 -1.35433181e-08  1.45410680e-06  1.06550040e-04]
 [-1.35433181e-08  9.99578774e-05 -3.46470091e-05  2.68989472e-06]
 [ 1.45410680e-06 -3.46470091e-05  3.41546341e-02 -9.54756134e-04]
 [ 1.06550040e-04  2.68989472e-06 -9.54756134e-04  4.27839309e-01]]
1: actual- (199, 199) 	 predicted- (198, 199) 	 error- [[ 9.96688793e-05 -4.53077056e-13  2.61034399e-06 -1.68292812e-09]
 [-4.53077056e-13  9.96933150e-05  3.96272113e-11  9.08298807e-05]
 [ 2.61034399e-06  3.96272113e-11  8.09309025e-01  3.26985513e-07]
 [-1.68292812e-09  9.08298807e-05  3.26985513e-07  3.67503279e-01]]
2: actual- (99, 99) 	 predicted- (98, 99) 	 error- [[ 9.96688728e-05 -1.13335268e-13  1.31532664e-06 -4.21086881e-10]
 [-1.13335268e-13  9.96933138e-05  5.00038833e-12  9.08251004e-05]
 [ 1.31532664e-06  5.00038833e-12  8.09824575e-01  4.12315992e-08]
 [-4.21086881e-10  9.08251004e-05  4.12315992e-08  3.67483342e-01]]
3: actual- (48, 197) 	 predicted- (47, 197) 	 error- [[ 9.96688796e-05 -1.12139188e-13  2.65171065e-06 -4.11529684e-10]
 [-1.12139188e-13  9.96938999e-05  9.70167867e-12  9.18861120e-05]
 [ 2.65171065e-06  9.70167867e-12  8.09305763e-01  7.92222350e-08]
 [-4.11529684e-10  9.18861120e-05  7.92222350e-08  3.67326598e-01]]
0: actual- (401, 249) 	 predicted- (400, 249) 	 error- [[ 9.96992957e-05  8.36219851e-09 -9.40246457e-07  1.08280031e-04]
 [ 8.36219851e-09  9.99553409e-05 -3.62198436e-05 -1.50733106e-06]
 [-9.40246457e-07 -3.62198436e-05  3.45799504e-02  6.10707108e-04]
 [ 1.08280031e-04 -1.50733106e-06  6.10707108e-04  4.18798056e-01]]
1: actual- (199, 199) 	 predicted- (198, 199) 	 error- [[ 9.96688789e-05 -4.88253692e-13  2.60315458e-06 -1.74909519e-09]
 [-4.88253692e-13  9.96952125e-05  4.34238355e-11  9.43961424e-05]
 [ 2.60315458e-06  4.34238355e-11  8.39288560e-01  3.28476233e-07]
 [-1.74909519e-09  9.43961424e-05  3.28476233e-07  3.68267722e-01]]
2: actual- (99, 99) 	 predicted- (98, 99) 	 error- [[ 9.96688726e-05 -1.19452848e-13  1.29599829e-06 -4.33208816e-10]
 [-1.19452848e-13  9.96946332e-05  5.41205319e-12  9.34384559e-05]
 [ 1.29599829e-06  5.41205319e-12  8.39819502e-01  4.14141699e-08]
 [-4.33208816e-10  9.34384559e-05  4.14141699e-08  3.68892336e-01]]
3: actual- (48, 197) 	 predicted- (47, 197) 	 error- [[ 9.96688787e-05 -1.15390568e-13  2.57665908e-06 -4.18357069e-10]
 [-1.15390568e-13  9.96946253e-05  1.03985215e-11  9.34054401e-05]
 [ 2.57665908e-06  1.03985215e-11  8.39285712e-01  7.95717678e-08]
 [-4.18357069e-10  9.34054401e-05  7.95717678e-08  3.68756531e-01]]
0: actual- (401, 249) 	 predicted- (400, 248) 	 error- [[ 9.96992686e-05 -4.96300830e-09  6.05065875e-07  1.07370158e-04]
 [-4.96300830e-09  9.99492211e-05 -3.85216012e-05  7.57302430e-07]
 [ 6.05065875e-07 -3.85216012e-05  3.52933119e-02 -3.76483774e-04]
 [ 1.07370158e-04  7.57302430e-07 -3.76483774e-04  4.10443376e-01]]
1: actual- (199, 200) 	 predicted- (198, 199) 	 error- [[ 9.96688781e-05 -4.99847295e-13  2.51414670e-06 -1.76984007e-09]
 [-4.99847295e-13  9.96958377e-05  4.61905133e-11  9.55108998e-05]
 [ 2.51414670e-06  4.61905133e-11  8.69269471e-01  3.28601635e-07]
 [-1.76984007e-09  9.55108998e-05  3.28601635e-07  3.68276065e-01]]
2: actual- (99, 99) 	 predicted- (98, 99) 	 error- [[ 9.96688725e-05 -1.27955022e-13  1.28418152e-06 -4.47873688e-10]
 [-1.27955022e-13  9.96964668e-05  5.88549336e-12  9.66003369e-05]
 [ 1.28418152e-06  5.88549336e-12  8.69814522e-01  4.14359708e-08]
 [-4.47873688e-10  9.66003369e-05  4.14359708e-08  3.68148998e-01]]
3: actual- (48, 197) 	 predicted- (47, 197) 	 error- [[ 9.96688783e-05 -1.23622661e-13  2.55334318e-06 -4.32576484e-10]
 [-1.23622661e-13  9.96964623e-05  1.13082266e-11  9.65755243e-05]
 [ 2.55334318e-06  1.13082266e-11  8.69266023e-01  7.96128504e-08]
 [-4.32576484e-10  9.65755243e-05  7.96128504e-08  3.68029432e-01]]
0: actual- (401, 249) 	 predicted- (400, 249) 	 error- [[ 9.96967905e-05  2.76530579e-09 -3.87444952e-07  1.02385631e-04]
 [ 2.76530579e-09  9.99379302e-05 -4.21799960e-05 -2.63014114e-07]
 [-3.87444952e-07 -4.21799960e-05  3.66126216e-02  2.10385756e-04]
 [ 1.02385631e-04 -2.63014114e-07  2.10385756e-04  4.05863277e-01]]
1: actual- (200, 229) 	 predicted- (199, 228) 	 error- [[ 9.97194548e-05 -1.27611904e-12  1.93013313e-04 -1.15571521e-09]
 [-1.27611904e-12  9.96941265e-05 -3.03816400e-09  9.26916055e-05]
 [ 1.93013313e-04 -3.03816400e-09  7.66477559e-01  2.31046505e-06]
 [-1.15571521e-09  9.26916055e-05  2.31046505e-06  3.70186892e-01]]
2: actual- (99, 99) 	 predicted- (98, 99) 	 error- [[ 9.96688721e-05 -1.14436760e-13  1.14871137e-06 -4.25160057e-10]
 [-1.14436760e-13  9.96935512e-05  5.79140445e-12  9.17000956e-05]
 [ 1.14871137e-06  5.79140445e-12  8.99810537e-01  4.12966924e-08]
 [-4.25160057e-10  9.17000956e-05  4.12966924e-08  3.70709156e-01]]
3: actual- (48, 197) 	 predicted- (47, 197) 	 error- [[ 9.96688765e-05 -1.10527982e-13  2.28359980e-06 -4.10603055e-10]
 [-1.10527982e-13  9.96935393e-05  1.11250640e-11  9.16649982e-05]
 [ 2.28359980e-06  1.11250640e-11  8.99250274e-01  7.93449793e-08]
 [-4.10603055e-10  9.16649982e-05  7.93449793e-08  3.70611649e-01]]
0: actual- (401, 249) 	 predicted- (400, 248) 	 error- [[ 9.96970975e-05 -1.42687513e-09  2.14972276e-07  1.02356787e-04]
 [-1.42687513e-09  9.99319367e-05 -4.44917034e-05  9.94972732e-08]
 [ 2.14972276e-07 -4.44917034e-05  3.75248599e-02 -1.12433925e-04]
 [ 1.02356787e-04  9.94972732e-08 -1.12433925e-04  4.01272727e-01]]
1: actual- (230, 297) 	 predicted- (229, 297) 	 error- [[ 9.97227095e-05  1.03044465e-07 -1.34921302e-05 -6.87853586e-05]
 [ 1.03044465e-07  9.99589328e-05 -4.09066427e-05  2.52647205e-05]
 [-1.34921302e-05 -4.09066427e-05  3.58317031e-02 -8.25566448e-03]
 [-6.87853586e-05  2.52647205e-05 -8.25566448e-03  3.83092093e-01]]
2: actual- (99, 99) 	 predicted- (98, 99) 	 error- [[ 9.96688720e-05 -1.20420243e-13  1.12650673e-06 -4.36728774e-10]
 [-1.20420243e-13  9.96948415e-05  6.09164741e-12  9.41943122e-05]
 [ 1.12650673e-06  6.09164741e-12  9.29806705e-01  4.10285811e-08]
 [-4.36728774e-10  9.41943122e-05  4.10285811e-08  3.71633873e-01]]
3: actual- (48, 197) 	 predicted- (47, 197) 	 error- [[ 9.96688761e-05 -1.16491020e-13  2.24140096e-06 -4.22105175e-10]
 [-1.16491020e-13  9.96948699e-05  1.17108720e-11  9.42289621e-05]
 [ 2.24140096e-06  1.17108720e-11  9.29235102e-01  7.88292503e-08]
 [-4.22105175e-10  9.42289621e-05  7.88292503e-08  3.71512266e-01]]
0: actual- (401, 249) 	 predicted- (400, 249) 	 error- [[ 9.96962022e-05  6.84200642e-10 -1.14117487e-07  1.00307269e-04]
